CLW_N_MIPs_offline 0 0 2.20641 22.316 1.14708
CLW_N_MIPs_offline 0 1 2.68541 4.47772 0.36286
CLW_N_MIPs_offline 0 2 1.46634 5.21701 0.0911687
CLW_N_MIPs_offline 0 3 1.24161 3.02923 0.0378602
CLW_N_MIPs_offline 0 4 1.17937 3.81679 0.0613373
CLW_N_MIPs_offline 0 5 0.997807 3.95173 0.0980622
CLW_N_MIPs_offline 0 6 1.21059 2.24016 0.0600218
CLW_N_MIPs_offline 0 7 1.16557 2.43266 0.109262
CLW_N_MIPs_offline 0 8 1.0071 2.44594 0.0714482
CLW_N_MIPs_offline 0 9 1.18532 4.29528 0.0936851
CLW_N_MIPs_offline 0 10 1.18647 3.67851 0.0570945
CLW_N_MIPs_offline 0 11 0.991502 3.71374 0.0786398
CLW_N_MIPs_offline 0 12 1.08015 2.45966 0.0629485
CLW_N_MIPs_offline 0 13 1.18484 3.38718 0.153602
CLW_N_MIPs_offline 0 14 15.2086 4.65471 2.38262
CLW_N_MIPs_offline 0 15 2.2892 4.17945 0.270926
CLW_N_MIPs_offline 0 16 2.49891 4.65306 0.488529
CLW_N_MIPs_offline 0 17 0.932083 3.34175 0.144398
CLW_N_MIPs_offline 0 18 1.1161 3.16774 0.215715
CLW_N_MIPs_offline 0 19 1.19673 2.84262 0.257908
CLW_N_MIPs_offline 0 20 1.202 6.35237 0.151952
CLW_N_MIPs_offline 0 21 1.15098 3.51723 0.246426
CLW_N_MIPs_offline 0 22 0.843393 2.81749 0.141055
CLW_N_MIPs_offline 0 23 1.15999 6.63475 0.188408
CLW_N_MIPs_offline 0 24 1.6069 3.32236 0.37943
CLW_N_MIPs_offline 0 25 1.012 3.37106 0.211009
CLW_N_MIPs_offline 0 26 5.30363 0.647862 0.248253
CLW_N_MIPs_offline 0 27 3.01339 0.257872 0.0934849
CLW_N_MIPs_offline 0 28 1.3574 1.60954 0.0983914
CLW_N_MIPs_offline 0 29 8.08994 0.297694 0.104382
CLW_N_MIPs_offline 0 30 3.23813 0.214492 0.0576559
CLW_N_MIPs_offline 0 31 9.23101 0.313281 0.118438
CLW_N_MIPs_offline 0 32 6.29496 0.422533 0.154656
CLW_N_MIPs_offline 0 33 5.82666 0.416865 0.145203
CLW_N_MIPs_offline 0 34 8.16765 0.452355 0.285477
CLW_N_MIPs_offline 0 35 3.05676 0.223104 0.0625211
CLW_N_MIPs_offline 0 36 9.89717 0.3176 0.122322
CLW_N_MIPs_offline 0 37 7.22047 0.521177 0.183167
CLW_N_MIPs_offline 0 38 1.42554 2.35732 0.166063
CLW_N_MIPs_offline 0 39 2.61885 2.18414 0.287963
CLW_N_MIPs_offline 0 40 9.76759 0.319368 0.124047
CLW_N_MIPs_offline 0 41 5.5023 0.598194 0.208322
CLW_N_MIPs_offline 0 42 5.36756 0.199105 0.0365504
CLW_N_MIPs_offline 0 43 2.22374 1.56919 0.209257
CLW_N_MIPs_offline 0 44 5.36756 0.199105 0.0365504
CLW_N_MIPs_offline 0 46 5.36756 0.199105 0.0365504
CLW_N_MIPs_offline 0 48 1.02425 0.763912 0.0637528
CLW_N_MIPs_offline 0 49 7.52057 0.307005 0.110959
CLW_N_MIPs_offline 1 0 2.16603 22.316 1.14708
CLW_N_MIPs_offline 1 1 2.67702 4.47772 0.36286
CLW_N_MIPs_offline 1 2 1.65707 5.21701 0.0911687
CLW_N_MIPs_offline 1 3 1.47349 3.02923 0.0378602
CLW_N_MIPs_offline 1 4 1.41256 3.81679 0.0613373
CLW_N_MIPs_offline 1 5 1.25754 3.95173 0.0980622
CLW_N_MIPs_offline 1 6 1.48135 2.24016 0.0600218
CLW_N_MIPs_offline 1 7 1.45436 2.43266 0.109262
CLW_N_MIPs_offline 1 8 1.29999 2.44594 0.0714482
CLW_N_MIPs_offline 1 9 1.43348 4.29528 0.0936851
CLW_N_MIPs_offline 1 10 1.44269 3.67851 0.0570945
CLW_N_MIPs_offline 1 11 1.30105 3.71374 0.0786398
CLW_N_MIPs_offline 1 12 1.40185 2.45966 0.0629485
CLW_N_MIPs_offline 1 13 1.54433 3.38718 0.153602
CLW_N_MIPs_offline 1 14 16.7395 4.65471 2.38262
CLW_N_MIPs_offline 1 15 2.75893 4.17945 0.270926
CLW_N_MIPs_offline 1 16 3.11183 4.65306 0.488529
CLW_N_MIPs_offline 1 17 1.33976 3.34175 0.144398
CLW_N_MIPs_offline 1 18 1.61667 3.16774 0.215715
CLW_N_MIPs_offline 1 19 1.81628 2.84262 0.257908
CLW_N_MIPs_offline 1 20 1.43922 6.35237 0.151952
CLW_N_MIPs_offline 1 21 1.69265 3.51723 0.246426
CLW_N_MIPs_offline 1 22 1.27671 2.81749 0.141055
CLW_N_MIPs_offline 1 23 1.40648 6.63475 0.188408
CLW_N_MIPs_offline 1 24 2.34773 3.32236 0.37943
CLW_N_MIPs_offline 1 25 1.54114 3.37106 0.211009
CLW_N_MIPs_offline 1 26 6.72791 0.647862 0.248253
CLW_N_MIPs_offline 1 27 2.99324 0.257872 0.0934849
CLW_N_MIPs_offline 1 28 1.50068 1.60954 0.0983914
CLW_N_MIPs_offline 1 29 6.39192 0.297694 0.104382
CLW_N_MIPs_offline 1 30 3.24987 0.214492 0.0576559
CLW_N_MIPs_offline 1 31 7.71368 0.313281 0.118438
CLW_N_MIPs_offline 1 32 7.34 0.422533 0.154656
CLW_N_MIPs_offline 1 33 6.16898 0.416865 0.145203
CLW_N_MIPs_offline 1 34 9.34102 0.452355 0.285477
CLW_N_MIPs_offline 1 35 3.05918 0.223104 0.0625211
CLW_N_MIPs_offline 1 36 9.62366 0.3176 0.122322
CLW_N_MIPs_offline 1 37 9.03509 0.521177 0.183167
CLW_N_MIPs_offline 1 38 1.69324 2.35732 0.166063
CLW_N_MIPs_offline 1 39 3.12511 2.18414 0.287963
CLW_N_MIPs_offline 1 40 9.87411 0.319368 0.124047
CLW_N_MIPs_offline 1 41 7.25998 0.598194 0.208322
CLW_N_MIPs_offline 1 42 4.71289 0.199105 0.0365504
CLW_N_MIPs_offline 1 43 2.74746 1.56919 0.209257
CLW_N_MIPs_offline 1 44 4.71289 0.199105 0.0365504
CLW_N_MIPs_offline 1 46 4.71289 0.199105 0.0365504
CLW_N_MIPs_offline 1 48 1.196 0.763912 0.0637528
CLW_N_MIPs_offline 1 49 5.98803 0.307005 0.110959
CLW_N_MIPs_offline 2 0 2.06158 22.316 1.14708
CLW_N_MIPs_offline 2 1 2.338 4.47772 0.36286
CLW_N_MIPs_offline 2 2 1.80847 5.21701 0.0911687
CLW_N_MIPs_offline 2 3 1.60289 3.02923 0.0378602
CLW_N_MIPs_offline 2 4 1.5974 3.81679 0.0613373
CLW_N_MIPs_offline 2 5 1.45854 3.95173 0.0980622
CLW_N_MIPs_offline 2 6 1.80452 2.24016 0.0600218
CLW_N_MIPs_offline 2 7 1.83455 2.43266 0.109262
CLW_N_MIPs_offline 2 8 1.49671 2.44594 0.0714482
CLW_N_MIPs_offline 2 9 1.61086 4.29528 0.0936851
CLW_N_MIPs_offline 2 10 1.5919 3.67851 0.0570945
CLW_N_MIPs_offline 2 11 1.45997 3.71374 0.0786398
CLW_N_MIPs_offline 2 12 1.57865 2.45966 0.0629485
CLW_N_MIPs_offline 2 13 1.71464 3.38718 0.153602
CLW_N_MIPs_offline 2 14 13.967 4.65471 2.38262
CLW_N_MIPs_offline 2 15 2.60698 4.17945 0.270926
CLW_N_MIPs_offline 2 16 2.7368 4.65306 0.488529
CLW_N_MIPs_offline 2 17 1.49947 3.34175 0.144398
CLW_N_MIPs_offline 2 18 1.69381 3.16774 0.215715
CLW_N_MIPs_offline 2 19 1.75784 2.84262 0.257908
CLW_N_MIPs_offline 2 20 1.61864 6.35237 0.151952
CLW_N_MIPs_offline 2 21 1.75835 3.51723 0.246426
CLW_N_MIPs_offline 2 22 1.44001 2.81749 0.141055
CLW_N_MIPs_offline 2 23 1.56931 6.63475 0.188408
CLW_N_MIPs_offline 2 24 2.07269 3.32236 0.37943
CLW_N_MIPs_offline 2 25 1.65833 3.37106 0.211009
CLW_N_MIPs_offline 2 26 3.50293 0.647862 0.248253
CLW_N_MIPs_offline 2 27 2.79143 0.257872 0.0934849
CLW_N_MIPs_offline 2 28 1.67747 1.60954 0.0983914
CLW_N_MIPs_offline 2 29 6.33285 0.297694 0.104382
CLW_N_MIPs_offline 2 30 2.71569 0.214492 0.0576559
CLW_N_MIPs_offline 2 31 7.61168 0.313281 0.118438
CLW_N_MIPs_offline 2 32 3.4277 0.422533 0.154656
CLW_N_MIPs_offline 2 33 3.476 0.416865 0.145203
CLW_N_MIPs_offline 2 34 6.07259 0.452355 0.285477
CLW_N_MIPs_offline 2 35 2.59349 0.223104 0.0625211
CLW_N_MIPs_offline 2 36 8.17237 0.3176 0.122322
CLW_N_MIPs_offline 2 37 4.73166 0.521177 0.183167
CLW_N_MIPs_offline 2 38 1.66859 2.35732 0.166063
CLW_N_MIPs_offline 2 39 2.55442 2.18414 0.287963
CLW_N_MIPs_offline 2 40 8.05055 0.319368 0.124047
CLW_N_MIPs_offline 2 41 3.73765 0.598194 0.208322
CLW_N_MIPs_offline 2 42 3.89993 0.199105 0.0365504
CLW_N_MIPs_offline 2 43 2.09948 1.56919 0.209257
CLW_N_MIPs_offline 2 44 3.89993 0.199105 0.0365504
CLW_N_MIPs_offline 2 46 3.89993 0.199105 0.0365504
CLW_N_MIPs_offline 2 48 1.28754 0.763912 0.0637528
CLW_N_MIPs_offline 2 49 6.23566 0.307005 0.110959
